AMDVLK
[ 87.9451    98.624061 104.272786 108.948098 109.501717 109.305209
 109.287156 108.892602 108.573979 108.364415 107.988607 108.015755
 107.831351 107.196438 107.636826 107.713912 104.955746 104.680666
 104.788681 104.860396]
105.96917504999999

vulkan(0)='AMD RADV FIJI (ACO)' phy_dev_id=0x55ba18905650 use_immediate=1
run finished in 2.504652261734009
3.8798606e-07
2.2947788e-08
[79.485974 81.01258  82.811048 83.472862 83.348898 83.773745 83.462828
 83.792298 83.578149 83.127144 83.704009 83.833752 84.170914 83.846482
 83.618113 83.884117 83.952985 83.983692 84.403083 83.625536]
83.34441044999998


vulkan(0)='AMD RADV FIJI (LLVM 11.0.1)' phy_dev_id=0x55f63b961610 use_immediate=1
[43.500223 44.349109 53.005259 46.458947 48.639819 47.072736 49.372591
 49.607352 49.823125 50.327547 49.414569 49.719844 50.195422 49.384374
 49.608979 48.866969 50.153617 49.800367 48.810173 50.272255]
48.91916385

RADV LLVM, with or without disabling the immediate mode
$ python detr_test.py
2.327692e-06
4.3750973e-07
[45.177575 45.749082 50.389426 48.468135 49.484374 50.803197 49.373998
 52.136706 49.39493  50.896929 50.875131 50.246621 50.802616 49.98937
 52.016365 49.53222  50.716514 52.401027 49.188877 50.336082]
49.898958750000006

$ TVM_VULKAN_DISABLE_PUSH_DESCRIPTOR=1 python detr_test.py
2.3838295e-06
4.3850974e-07
[51.063327 51.161364 58.136759 59.027835 58.128717 59.751531 58.995051
 58.322113 60.941714 68.719842 59.094486 60.576224 60.856797 70.394712
 67.429703 59.649555 60.24967  61.250927 68.042992 59.239639]
60.55164789999999
