tvm

ProfileResult(mean=0.038145213639999995, results=(0.043747657, 0.043342007, 0.040310115, 0.040154672, 0.040164745, 0.040093331, 0.037764374, 0.037964701, 0.037823285, 0.037709853, 0.037685155, 0.037705447, 0.037653015, 0.037801108, 0.03773153, 0.037710147, 0.037807229, 0.037703726, 0.037734162, 0.037753016, 0.037839322, 0.037697154, 0.037706582, 0.037670776, 0.037634535, 0.037666015, 0.037672036, 0.037658668, 0.037662845, 0.037632888, 0.037666026, 0.037657622, 0.037682337, 0.037748436, 0.03769623, 0.037729507, 0.03773329, 0.037647683, 0.037742764, 0.037726985, 0.037761997, 0.037748601, 0.037703723, 0.037639588, 0.037630792, 0.037672165, 0.037681709, 0.037729118, 0.037716768, 0.037745245))

torch elapsed 0.05290966987609863

gen11, nhwc, graph runtime
[10:40:47] ../src/runtime/opencl/opencl_device_api.cc:139: AllocDataSpace size = 38502400
[10:40:47] ../src/runtime/opencl/opencl_device_api.cc:139: AllocDataSpace size = 38502400
[10:40:47] ../src/runtime/opencl/opencl_device_api.cc:139: AllocDataSpace size = 4096
[10:40:47] ../src/runtime/opencl/opencl_device_api.cc:139: AllocDataSpace size = 4096
run finished in 305.1910729408264
2.462866e-06
4.0962303e-07
[292.283373 292.199137 291.688772 291.88043  293.00442  292.015208
 292.562906 292.364659 292.331009 292.730098 292.59775  292.562886
 292.532483 293.792531 292.186602 292.491413 292.199467 294.144929
 292.495627 292.296439]
292.51800695000003

vm
ProfileResult(mean=0.29346769665, results=(0.293314303, 0.293746075, 0.29256521500000005, 0.293164043, 0.292524655, 0.293561387, 0.292660745, 0.292588017, 0.29357304799999995, 0.29279715900000003, 0.29407305, 0.29372782799999997, 0.293729807, 0.29352556199999996, 0.296300652, 0.292843714, 0.29354987899999996, 0.29347629999999997, 0.293434739, 0.29419775499999995))
