TRT
GPU Compute Time: min = 19.031 ms, max = 19.9424 ms, mean = 19.1872 ms, median = 19.155 ms, percentile(99%) = 19.9415 ms

fp16
[16.616987 16.629671 16.610755 16.639481 16.631989 15.766998 15.769087
 15.793056 15.791118 15.803691 15.825327 15.829108 15.819283 15.853415
 15.842663 15.812161 15.826688 15.823753 15.823079 15.863618 15.925127
 15.837775 15.953793 15.988145 15.962838 15.933437 15.929076 15.940567
 15.936848 15.949489 15.904623 15.93174  15.945011 15.946276 15.898431
 15.928368 15.911724 15.922895 15.904438 15.88452  15.923098 15.908096
 15.932642 15.919526 15.921743 15.951583 15.970708 15.955445 15.945031
 15.962567]
15.965949759999999
