tvm

ProfileResult(mean=0.07894161748, results=(0.078847651, 0.078695902, 0.078527414, 0.078436386, 0.07840493, 0.078403775, 0.078300294, 0.078562407, 0.078826362, 0.079083893, 0.078688242, 0.079462854, 0.078886894, 0.079376238, 0.078490424, 0.078716722, 0.078433029, 0.078495427, 0.078395507, 0.078554424, 0.078440704, 0.079384763, 0.079360173, 0.07865107, 0.078917111, 0.078755648, 0.078591492, 0.078655368, 0.078714194, 0.078553327, 0.079507735, 0.078979807, 0.078941902, 0.082044914, 0.079111183, 0.078836892, 0.07866874, 0.078488831, 0.078168269, 0.078367165, 0.078858696, 0.078775901, 0.079049967, 0.079371681, 0.079147267, 0.079392024, 0.081244302, 0.079446666, 0.079503297, 0.07956301))


tvm with cudnn

ProfileResult(mean=0.07035794164000002, results=(0.072303741, 0.070420188, 0.070426574, 0.070779108, 0.070808511, 0.070922908, 0.070908574, 0.070922474, 0.070927621, 0.07063394, 0.070761115, 0.070857567, 0.070537387, 0.070622378, 0.070398072, 0.070131553, 0.069935443, 0.070247712, 0.070037537, 0.070083185, 0.070211553, 0.070685093, 0.070408637, 0.070416033, 0.070459896, 0.070512812, 0.070206775, 0.07004121, 0.070091915, 0.070151049, 0.070081186, 0.070332268, 0.070049486, 0.070012392, 0.069967068, 0.070024433, 0.070030873, 0.07047027, 0.070043634, 0.069938331, 0.070347497, 0.070070369, 0.069916876, 0.070040534, 0.070080592, 0.070132812, 0.070074326, 0.070088171, 0.070127051, 0.070218352))

tvm after scatter rewrite
ProfileResult(mean=0.07118847358, results=(0.07094876, 0.070734966, 0.070938841, 0.070831266, 0.071064399, 0.071926832, 0.071138351, 0.0711215, 0.070885231, 0.07071308, 0.071017334, 0.070801911, 0.071534949, 0.070739453, 0.07048745, 0.070561533, 0.070782097, 0.071279679, 0.074040763, 0.07135285, 0.070873994, 0.071256039, 0.070720125, 0.070842864, 0.070650062, 0.070710012, 0.0713324, 0.070947963, 0.071272951, 0.072906699, 0.070544142, 0.070865113, 0.071500323, 0.071461125, 0.070852657, 0.071312033, 0.070995901, 0.070713084, 0.074211288, 0.071462636, 0.0715646, 0.070736847, 0.070862888, 0.071025863, 0.070837404, 0.070713336, 0.071394315, 0.072409013, 0.070850288, 0.070696469))

tvm + cuda + cudnn + cublas
ProfileResult(mean=0.06143034885999998, results=(0.060900997, 0.060757385, 0.060851847, 0.060789524, 0.060756809, 0.060722587, 0.06102298, 0.060858379, 0.060780774, 0.060808793, 0.060875335, 0.060934482, 0.060800491, 0.061404134, 0.062151237, 0.06570536, 0.062366171, 0.062401985, 0.06157475, 0.061344742, 0.061292572, 0.06141058, 0.061045118, 0.060781975, 0.061060223, 0.060856533, 0.060817145, 0.06197423, 0.06204768, 0.064922325, 0.062455252, 0.06206522, 0.061204975, 0.060917032, 0.060915922, 0.060874037, 0.061110318, 0.060987735, 0.060704657, 0.060864657, 0.061035878, 0.061658721, 0.062074916, 0.062488609, 0.062046043, 0.061623994, 0.060920564, 0.061251069, 0.061217879, 0.061082822))

tvm + nvptx + cudnn + cublas
ProfileResult(mean=0.060152220519999994, results=(0.059747845, 0.059603409, 0.05979784, 0.059660364, 0.059704958, 0.060019986, 0.059679397, 0.059885364, 0.059634158, 0.05981444, 0.059906736, 0.059809231, 0.059728684, 0.059818538, 0.060072527, 0.059996051, 0.06008485, 0.060004668, 0.059964011, 0.05996943, 0.059953477, 0.059958111, 0.059959111, 0.060053856, 0.060177814, 0.06038482, 0.06004782, 0.059894991, 0.059937662, 0.060239474, 0.060331413, 0.060433237, 0.060595643, 0.061002034, 0.061597313, 0.060884511, 0.061219604, 0.061156794, 0.060588343, 0.060825151, 0.060234352, 0.060351312, 0.060054352, 0.060169181, 0.060136563, 0.060261765, 0.059904958, 0.060096082, 0.060007265, 0.06025153))

tvm + nvptx + cublas
ProfileResult(mean=0.07083499460000002, results=(0.078203909, 0.074485605, 0.078731612, 0.070706362, 0.070542647, 0.070172777, 0.071945143, 0.070142318, 0.07001541, 0.070598885, 0.07241431, 0.070691949, 0.070240333, 0.070694804, 0.070373886, 0.069918836, 0.070179726, 0.070193589, 0.070517004, 0.070336223, 0.070096165, 0.070255772, 0.070063946, 0.070266364, 0.070947671, 0.070142877, 0.070239321, 0.070308918, 0.07020692, 0.070465777, 0.070448647, 0.07054877, 0.070241964, 0.070183011, 0.070154827, 0.070634035, 0.070450717, 0.070369448, 0.070233365, 0.070533574, 0.070322638, 0.070081652, 0.070165714, 0.07041829, 0.070135711, 0.070144532, 0.070283842, 0.07079153, 0.070456983, 0.071051421))

tvm + rocm + rocblas + thrust + nhwc
ProfileResult(mean=0.17148150418, results=(0.171286108, 0.173953124, 0.171696333, 0.170264908, 0.172924003, 0.170268526, 0.171721796, 0.174168219, 0.170666995, 0.173265284,
0.169485297, 0.172312508, 0.171411764, 0.171705852, 0.172768427, 0.170834061, 0.172410189, 0.170020065, 0.172455119, 0.172114758, 0.16922282, 0.173839235, 0.171066635, 0.169
978214, 0.172432521, 0.17063087, 0.171453395, 0.169735064, 0.171579195, 0.170849948, 0.170735258, 0.17069896, 0.171309258, 0.17153891, 0.175047615, 0.169172582, 0.171364471,
 0.17096788, 0.170700444, 0.171723633, 0.169593814, 0.171698231, 0.171636483, 0.170749459, 0.172493085, 0.17106364, 0.171005571, 0.173449854, 0.170906539, 0.171698289))

tvm + nvptx + cublas + nhwc
ProfileResult(mean=0.06693517324, results=(0.073067201, 0.069492969, 0.071358244, 0.066210725, 0.066521382, 0.066239554, 0.066118335, 0.067334898, 0.067056713, 0.06627527, 0.06612066, 0.066714289, 0.06690553, 0.067128835, 0.066381071, 0.067123249, 0.067736637, 0.066321947, 0.067233157, 0.066239108, 0.066838958, 0.065910509, 0.067088704, 0.066168422, 0.066063409, 0.067299613, 0.066137986, 0.066098943, 0.06641927, 0.066276502, 0.065768098, 0.067056598, 0.067586667, 0.066933067, 0.067208701, 0.066037633, 0.06698023, 0.067555961, 0.066849012, 0.067618627, 0.065697664, 0.066807765, 0.066793207, 0.065984699, 0.066999675, 0.067317532, 0.065809081, 0.066254569, 0.067059585, 0.066558201))

torch elapsed 0.0737888479232788
