tvm with unmodified torchvision

ProfileResult(mean=0.17629690307999998, results=(0.175357303, 0.176906604, 0.176058055, 0.175502454, 0.175709645, 0.176062266, 0.175541259, 0.175839263, 0.176302332, 0.175985871, 0.175300137, 0.175935311, 0.1786138, 0.176083327, 0.175007424, 0.175925426, 0.176596397, 0.179862557, 0.176920303, 0.175781157, 0.175682671, 0.176144903, 0.176389089, 0.175817467, 0.176088513, 0.176577048, 0.176742398, 0.178872737, 0.175675889, 0.175130598, 0.176268236, 0.176310867, 0.175187086, 0.175086847, 0.176670614, 0.176563244, 0.176200333, 0.176545179, 0.176302131, 0.176920154, 0.177061546, 0.176290826, 0.175660443, 0.17584813, 0.17689912, 0.17690989, 0.175697006, 0.176188175, 0.176645684, 0.177177439))

ProfileResult(mean=0.16284161424000004, results=(0.164252916, 0.163926692, 0.168457522, 0.162881345, 0.162496205, 0.161770495, 0.161864018, 0.162241765, 0.161674487, 0.16167505, 0.163534709, 0.167671609, 0.163234316, 0.161837219, 0.161860201, 0.161510426, 0.161745772, 0.161812032, 0.162984954, 0.166986158, 0.161980854, 0.162444911, 0.161446635, 0.16168705, 0.162855449, 0.162895531, 0.163831127, 0.167376531, 0.162634778, 0.162135401, 0.161429895, 0.161826045, 0.16182558, 0.161585807, 0.162966854, 0.166671169, 0.16249687, 0.161593915, 0.161726707, 0.161704061, 0.161441869, 0.161689828, 0.161552568, 0.161566556, 0.161758586, 0.161756095, 0.163291839, 0.167641016, 0.162217323, 0.161631971))

tvm with tensor array stack modification

ProfileResult(mean=0.18026734718, results=(0.183711862, 0.179335419, 0.179220694, 0.177716252, 0.177596019, 0.179346231, 0.180532725, 0.180668724, 0.181268653, 0.179525719, 0.179734154, 0.179436948, 0.180029655, 0.180415687, 0.186875265, 0.180038751, 0.179208457, 0.180744761, 0.179154907, 0.179117065, 0.179467801, 0.178451522, 0.17831904, 0.17840182, 0.179422763, 0.17942662, 0.17936329, 0.179884512, 0.180174538, 0.179908751, 0.181690717, 0.180595896, 0.180421946, 0.182294527, 0.181215392, 0.180694386, 0.179881252, 0.180136171, 0.180098515, 0.182935795, 0.180765588, 0.182601459, 0.180157319, 0.17982705, 0.180384092, 0.180447773, 0.18058933, 0.181807896, 0.180713726, 0.179609924))

tvm after scatter rewrite
ProfileResult(mean=0.16644659958, results=(0.165609409, 0.165398789, 0.165392404, 0.166475218, 0.166485489, 0.165606035, 0.16605282, 0.166006779, 0.167773655, 0.171090777, 0.166290888, 0.167130524, 0.166597285, 0.166175216, 0.165561714, 0.169139216, 0.16617452, 0.165027827, 0.166342593, 0.16549076, 0.165676469, 0.165336096, 0.16646515, 0.166378139, 0.166502916, 0.167827258, 0.167168937, 0.166182102, 0.166188019, 0.165088368, 0.166275147, 0.16745976, 0.16554582, 0.164836516, 0.165822957, 0.168090082, 0.167999874, 0.166430803, 0.168913064, 0.166203763, 0.165239971, 0.166668026, 0.166884069, 0.165087313, 0.164997377, 0.169479933, 0.165464097, 0.164979809, 0.166445528, 0.166870698))

torch elapsed 0.11544324398040771
